$ANSIBLE_VAULT;1.1;AES256
35396565353363643939386237346638353433623739626162383061393264323961613231336537
6334393334393131666163343037303830396162343164340a636235313735303266376263616631
37653736366465356236366662643937653563663066303136623934626437376261636534626434
6161643234626433660a663733663532366535373136306237353466663034613630656261643733
61636338323433303337353061353630363632623562623934393432343137353365613937643463
35346361336564386531666238663262376538306362653632623762343030353031366336383733
62343839373231336232363764643163363566396138336138303761373563666565373165343932
31333733303966303136656164323866393739613561303239636562643966366131653633323834
63613466366539306238653434386565336562613762356333313438323433623365353132386231
30636162626130613564313933393539643161636463343033663966333439396333343934353933
37343138626132343962353262636265353831653563636136396337313333383530636437346639
37653365313538316234313763626363613333313765393233656464343635326230633739393030
37663333373864303835653930616639363033626534616434313163353466383566666239393132
37363062316339623265393664663934366337353031343735646562656233336633353030316662
38393863386133303733633731646233356361346438383637663639353933373635313432383736
32333238313039336462343966363739333531366235333662386438383337616532373536323862
62396564343264616534666661393266363336376636326161363135373462353232326364616234
66636135333931363631623333666330653665366162366239383266346130376464616366366665
37316439393933623665323065363733663234656364303834373063353262626239333139333738
63306664343066333339653563323333396464663834656230663763336630633531616435646236
39656331363861306232353833313238333232366634663063333662386266323934396231633830
34383137323835633835303935303763336633313561643862396164623335626461353337623634
62316334306433323865306366636263643662326266616238633435346133623833383932303866
30646233356339386631393431303564333064323039363137386135373863643861353137346133
35303631376339336537386462393739366135616135623537386535653064376631333635396234
30633762636234653234303766343539373135393838623363656562383365343339636364643633
61613536376430396237663963303464313665653463346237343164326230643665336139643933
39303661313764373336663966323030303230336462393630653338653931363331636337383232
36393138306535383830356234623537663930353437346431663438336530633237396233626366
30613463353233383130353934303465383737303230663565643734376639653534303965653632
39346631323732623838393364636537396238376333393137663135333864393830393737303738
66356336653063336365653865383236343839303362616434383938636630316332373130343030
33353331306162346633333663613536653331646165353866613531393363663331626434356336
35366335383434613034663130383265333266386337616636363931353535616139353832366537
66306362633633356132316239306430313666346466616263303538326230353434393933666536
32383566366331633532366534613565333035386462326437616364326465653432376335393831
38613933313739393835386430393061383463613661663161326235346531313538313562353734
62623663303465356561363130343764643164663435396133396139333738616231303833356334
62316330316539663562373133656630333335653763383064646463326561373034643762616132
38653966313839396134356630396236386364636430323264643739616231313234363937386634
30386434616535646331363861643566346135666133313362313938663032303232393334373333
34623931346333303063393165346635356133366438333865306162323633356436316162643661
61386565313232333335356164633562666238666132313937353532636462333531373964393236
62373763613032376437613430653232343238623064643364646534646630376631613461356564
38373139663764303966306432396365616163353562323535396332386237353864303637643266
35653964626133303330313635303066353831383766643964633362336535336137303865363561
38363338333734396330393264616330366436623262316230636635626662366662633032313361
37323434393331363132633161386331623633353735303465323933376538363966636639653433
64363732346662316637393438306165613733346233313864643933633139303337363934613631
36303837636238356531626430643765666235626233313063373764353066633334396636643530
34383932306532653166373064306464373436333437666136643462353332366666616666623366
38363266643161633935663732313830373964636334393664343862303061356639386562636435
61316665393133393733376666623335326561636666356137353562396635313665343039353562
33313964656464336430353837643566383432306131386635653063653061353262323739613631
33313463383364313433646531346230316564643937666134663762303334333264663238623938
32643838383964616262626564656136326634666138353666316530613738336162363834396239
65343136333538313631663262616633343666373866633632306239636238616162393362336539
35623764373966393135343034316565313864303361363233666366663764653037323666366366
38643337343033613936376364643466613265393139363530663163613163303839373764323862
30373065636566663132636636336131653161653437656463666135316639343964376237363063
34363933333131373636636538376166303863383535316631343736303266633563643638383331
63633261383232636338636534373939363539383538333138616664343463333632663830383133
30313339376433613062336237343737326266666163376361363564326234383032643537363337
37386263303964383435666466653363633261616632373563346163653363626665623565626562
36646133383465336533633838336366343962343230346637303265353730343164326134393831
33323133386330393333396132396534623137653732383534643762623731356536666138303762
33333932393166653638616339343631376639643138356333393563346339393930383631306666
38666266363238663862656662343663383565633333663434633666376462383338356464353032
64366331646631633163383363666666623431303136336134363862656335386430616133666238
65383337386435326266333839623862373365323637343966386166656531616432306565366631
37313764376663643465303863353932383335376536616163303761633535633831633463643232
35346533303062336666366263646164396263363063646538376235623135366136366234313835
63663164653538613633343164386135336665333738616632666331643335376230393632303565
31366431353031353563353739656537623263313330653364353034353336663634653561383937
63613230363963636366376336646334363738646635623363376534613231653433663461633835
35306266633965323939393231306534333861383666616137636337663464333061663361613436
61316439303230366435653933633264333432626561623265316631666432336362373964663364
33663133306137336430653030313437613934363866653930663731333564366332326162336233
63616439383738613265646331663738356562303435633032373634633237306437623033623332
66343066396262303632653863623931376162616462396334356263333437366462383537613963
37643861383161663132386631326161393730313264393436373563316133326565613339646138
37393564326135636263363230643464326530316632333338613636656164353439306236303530
31393265363863353033623536616137303130666161386266376264373733343033323239396466
32393163326363313233343634333961633932383435356133653938326265636562343665623134
33393636656565366230326432366331623630313865366566326534663735316362656536363035
37626633373932303735643839656136633965393863346430646661356139643062373466326362
31306336356235386632316537353533313465613633636331373730353034373236616663363938
32646537316134363433613763626439636538336138303234303133373238353239353362353662
38383235613135636266633839343062653431316564373165633439613864663134616365323765
35633631333735663937623364303237636132316337646162393038313034636563393662633632
64323233386330663736663165383539623034643332623163396462356166396635353764323137
35316537366633303036633262646633396538633963393335653637393731666163623466336165
37613364353662383535643236353065656233393735333336323064623665646635393030353237
66346434623964326161653961316633366135633232626237623464393130396435373565623738
35633433356134623766376332663935366666616439653936316132366632383637643938626661
62353136616561363762383038303865373066323331613261333264373365376234333032646361
32616663376333306139313639626634383562326162343837323263363632376132343863363461
65373334643963663936643866303138306461316261356362373661656334343032353532333561
30306264616538613763323061313166346462333134343238386332313735613864613863336132
64643065316431353430663163626133646364323262633034643766393436363036353030626663
65316536326334663230303936623835623539623330336337343166633032653262306663663234
36636561623235383435346439363339333066303065623930643165663137623234656232363561
35356435346237303765383762376163653261363836396661363061336563313836383361353962
36396638383836663466356365333937333965613662646434636437653239386436333136343830
37643262376662636434636162376361613237653136336636396234316633666535353232643063
36646563626435323136373336613532393464373663393435383264666137646461323431623335
38323963393464366263623331343630646133343036343762313530653531626637633536663038
30313165666330623835333063323563316365303036356562663661643866653038623966356239
66366433393265653931643738303265623136623438616465306136303061366639353332326161
63633630376531653137616638303266303333646233306634303031646536356163656533636533
64303761663435316337323162396639633433663362653333613930333330366239333133396235
34356632333138623865336661303461646365643536303738356139613839363139326432383865
38393231336263616134356365353161613665333163636634353362396233313435303961343538
39663364646638396436393335623931666134346665653066393834346431666636633632383464
63373263386330363834373637363430336563316230386138353061333331303030393033356263
31393633356130366536376563316163646335613036366638613436653434646137613031356464
39623762663363333064626238303938353265616135366166353735396333393933323166373339
66353233353130326239303233623934363362333961383664336362336139333931393735313836
31663534666630333533313332393732356230616338386337326365333733656661346430386561
35303834376164366561313633633664303938376238396439623766643138616261633734393732
36656333376435663135346661366633316631393662346133303738363862306432326662393735
33356130316233383236666631623664363161313730316234383436393466663566303238373531
61656363373265306532643163326331623431343536363336393730646633353131633330323537
35363264346438323564663161363333353534323238336538326365613239626335366364626236
62323166373835336233643632346633313931353835306531363265663239623131313134343132
61636138376666656432316562633735346161393364353761303864346563616565313731373463
66343130666264313632333633363063636635336132303066633139636336653738366137663833
30346436636237316635643066666330356136353863623635393464623636333632653634316361
35383735363439633963383666336238666339633162363739316339653332346165653730623861
33646431383531653566656332623534613738643765343331643765393130333764633933343865
65373236383062663739633237616561626635396636393866346563643865306264333339393434
63666637666431383030653436323061353864373066313563396664303434343031363531623966
37643262373934376332613962393132363163373035643766313161616234363533353038333035
62343331626231653832356139383565663530623330353365366532323061346437643865646434
37336630643762383332633364643632353239306639393665626434393637363539613131616265
63336635626132306335326132386163643165653833306234663438643632323463623734666537
35383835666466303034346438386238316162373839333161333462663136626435663263396530
34353436363838383336363664383335303932623963393036326234613737643665323063343866
33353132363233316262313937383430336532336439373131663137343263656565326564343134
32323562373932376239303032373263336465323761623631633464623262303762666462306263
62336362653165333939343735326466353938383238636232326334653137636439303234313130
35666539306261643562353166316531333565363438626565646666366666643766303434353961
33316161636239373436383131333735316234653064303738313832616539343361316634666436
63653734653237343831356130623538333735396633633732343833363530616631353930363337
35613831643665613639323431633665643834396165383965666261346530643634623939633666
61336539666437653338613834396431373463326135626163653034306539373733316436323632
66666231646365343264323766353062666437363431386531376261303836386165653563643565
64323636383534643966366532373537303236323430316163643837663939373166343562333232
39646335323434326534376135353962313234663463313363313633386363666261653566313135
31616464376263303765636338376535326561323265393039323561386438323538653163373332
34346439653538393963616664373930333132636465386165303837666437386332333966616366
65616361396462316366633966616561353035363661373238366263336564663230363032343432
36623265313061333936313262326264373961643031333231663835336537303835633361346438
63633761386661653434666534366431656636336662333564356664306162653938653835633161
34353032646232313234343664656637623761386138373738356632393763643866333433623363
64373563393762633337316162393132373232613666363864343530646232333266316661366530
32326431383939343438393165613533646436633936343335343162336431356461656139623864
39393036386666666539353136313034346564633634343032393762373034643833653764313332
35366161353434343833623163656162356432613664366262376564663134613064616663653935
32656239383562393236663330376661306665366138363966316466363639326230653338393935
32323062393539346665613239343630653263376463656335303762383763366338623361336366
63373965383862666637646237643130313432333137643637643036633361626461623238666563
61656164396537393032663533636539643535636633636531326162346462316464633331616563
37306563326561303262313231396335623034616631383963366133356535633934633339353962
61393365376662346630333462376163383564313933353434366164333733353137613134326231
32366565313661376164326230626532613964313461613132636466646362633566633063313362
62323435653731636232393834636633633736643863313833616566653764636261396637373935
39383765343563386338
